structure(c(16978481.778784, 3512114.57587822, 14074.2062258952, 
8575.0550782772, 994.994331924535, 1.59174905528708e-43, 3438.69756169846, 
900.688535887141, 2229075.79867115, 8840.82749830857, 5387.68303699521, 
624.941438505009, 3.59831148999205e-43, 2159.98411365347, 565.729218977108, 
698515.616223169, 2379.05782264432, 1440.13067210649, 168.621337388997, 
1.12158644574076e-42, 578.68135823262, 151.713642377063, 822721.414760311, 
4196.29686048493, 2587.06143091924, 295.246077780755, 1.10981991342045e-42, 
1033.18714129043, 270.150410283804, 672053.073143549, 3545.39253320734, 
2270.09967238469, 245.231710107148, 9.30006379721137e-43, 888.609386942462, 
230.739240232023, 1.50043545355596e-09, 181969.607541000, 259.688240262498, 
1091.49722841636, 78.3671017670081, 1.25240101600291e-39, 454.859589168381, 
176.371325373629, 109168.321770545, 174.028987000938, 705.717776792274, 
141.411752702293, 1.32401784355591e-39, 658.239654445275, 112.986499585440, 
34471.3276808633, 44.5293967672829, 174.518677049601, 64.3265389422312, 
3.15096820314767e-39, 296.312523744845, 28.8141394369185, 50512.196861044, 
476.19186853167, 1573.80467485018, 584.816693130054, 1.07605794414346e-36, 
2669.86083046, 223.573225562433, 33605.8011892947, 281.230348345196, 
1108.95666854743, 433.550042267193, 1.29322144862959e-36, 2186.85483431299, 
156.519072210037, 1224482.62851448, 338748.505916186, 5008.22616244776, 
1523.89180505745, 344.603589058513, 1.73716991321134e-44, 602.597712374434, 
157.022993579936, 215279.006528125, 3148.06490969453, 958.094902159706, 
216.58546060995, 3.91918505667426e-44, 378.765754366698, 98.6919855411528, 
68579.9699064836, 857.900383144346, 259.437646228164, 59.1553244004227, 
1.22073951236375e-43, 102.738748314767, 26.7899552123654, 76808.3355820458, 
1467.02172191943, 451.647521275429, 100.515131352646, 1.20843266968401e-43, 
177.989235363086, 46.3130792528973, 62991.6171933785, 1235.07834365387, 
394.696503673125, 83.3087334569084, 1.01243309995706e-43, 152.654647286571, 
39.4664783389923, 1.62458338488853e-10, 25241.2660551730, 123.384766531407, 
217.687126728285, 35.4092395316887, 1.36474666218567e-40, 88.6760262540252, 
32.9683257232017, 14945.1186916190, 80.8218185252254, 140.177817321429, 
54.9205691443218, 1.44146411951733e-40, 122.056258071145, 21.0828594013911, 
4594.54492150556, 21.1010769778404, 35.1948980792439, 24.6205591286135, 
3.42951889968325e-40, 54.7336405981123, 5.43732558702438, 6821.39858224216, 
178.050662594897, 292.785252295907, 197.546598253907, 1.1720339984755e-37, 
467.852644102691, 40.1296256860886, 4410.19237546594, 104.709289313163, 
204.379594988556, 144.556973064212, 1.40775152517867e-37, 379.250296141849, 
27.875213709211, 4.01925178779068e-10, 4741.73290534513, 13.2204064213050, 
6.00932270549485, 0.952603847403612, 4.7578729805446e-43, 2.45556158111511, 
0.647921053653085, 3411.50573344888, 8.85166179605101, 4.03118500206752, 
0.63732521263293, 6.59072348098859e-43, 1.64512893262535, 0.433914106844711, 
1469.94072709388, 3.07751426460847, 1.4043118451684, 0.221369937432684, 
2.36792467732212e-43, 0.571674773815586, 0.150685883643214, 1395.72505174181, 
3.92308044780968, 1.80068082073119, 0.281705043416632, 3.78040964427623e-43, 
0.733301449185025, 0.193229032249711, 1356.07716496630, 3.52753001495581, 
1.65932879271134, 0.250929746684439, 8.24016474453838e-43, 0.66781116408574, 
0.175240527377385, 8.27396791506705e-10, 23485.0271819770, 35.7502582942938, 
33.5093770686420, 10.4729532136446, 1.03805426515225e-39, 13.7570277500639, 
3.87585725891545, 16740.3317839468, 24.3602587445847, 22.7761356722725, 
10.3953770043630, 2.13676645162026e-39, 13.7660248986439, 2.62779358340648, 
7135.6116813435, 8.17600222382169, 7.60920238495253, 6.13457257775724, 
1.47587227522214e-39, 8.16594802152026, 0.877095004789222, 6907.10787862189, 
13.1933342084309, 13.6693387188823, 12.0237692037866, 9.20712461245741e-37, 
18.229395992846, 1.71882730908037, 6619.3091396806, 12.5765715598992, 
13.1728651508999, 12.6740043466082, 8.30280643892011e-37, 19.4605290403874, 
1.59838750460563, 285265.179958347, 70944.95110313, 6676.46338734632, 
1677.08173016709, 403.296468337258, 4.47275041991392e-45, 576.944672528168, 
143.357617385783, 45110.5586257789, 4229.34846135978, 1062.68346057362, 
255.409272094729, 1.00857086988376e-44, 365.442467211, 90.7920169365532, 
14467.1601739720, 1289.31598937616, 324.457135719693, 77.6829433096552, 
3.14090934846978e-44, 111.155984688283, 27.5777768608451, 15866.7766509390, 
1647.09097322588, 413.036038980111, 99.8480890107158, 3.10957261617208e-44, 
143.001579334017, 35.6145442587137, 13018.5003402229, 1369.67779721089, 
347.561573571435, 82.5134700849512, 2.60508405250002e-44, 119.652229542789, 
29.7363348033215, 4.15330893564281e-11, 8661.44918688834, 442.047394777303, 
301.333364007791, 104.928786105349, 3.51146929648439e-41, 104.513960611894, 
33.536366146085, 5016.87306552319, 265.511296074393, 185.598343033567, 
106.262465930141, 3.70799329718823e-41, 119.901214881078, 20.8322555479472, 
1530.03071778109, 78.0648749861558, 52.7119756245854, 47.3063569970369, 
8.82139871359918e-41, 53.7053536733768, 5.9858331377454, 2034.72618899772, 
236.759907113757, 245.201819304358, 179.936571712933, 3.01434427211820e-38, 
290.242893130157, 27.6333256393832, 1286.08080432653, 133.087255109036, 
147.273343661722, 125.479581175338, 3.62004838930367e-38, 214.625038314876, 
17.3704445545701, 17572.4658464176, 4788.6401237373, 384.666545504503, 
88.1293902831391, 23.7714244936923, 2.77687627453267e-44, 32.8829084106932, 
8.58188025511631, 3079.99275588588, 244.642343925014, 56.2100530794231, 
15.1262399340724, 2.75271228944994e-43, 20.9819497985019, 5.4757349055136, 
1026.22791858542, 75.7936065707543, 17.5877671626199, 4.69409597175523, 
2.32969786296572e-43, 6.5741065252023, 1.71442501847633, 1103.85931174363, 
95.3579731754571, 21.9901735452522, 5.90619681701191, 1.43466091964909e-44, 
8.22248486986182, 2.14970651001673, 929.417553110479, 79.58666359179, 
18.6949164446998, 4.91322446799389, 8.20740566603822e-44, 6.95483445246346, 
1.81473591945533, 1.61490438147869e-10, 3163.00363919787, 61.8314142212224, 
48.7366561907869, 17.2059255980493, 2.06857958102137e-40, 18.9861588103288, 
5.64533675558803, 2159.95060691428, 41.6944842831469, 33.1665339483237, 
18.0253516156002, 7.94430855646476e-40, 20.690236920265, 3.83904137521525, 
895.865833639754, 15.4999689714336, 12.2694375270515, 11.4438619325447, 
5.38522660354791e-40, 13.2192464776784, 1.42214045872014, 984.488156768004, 
29.1340572486776, 28.0325861963800, 25.4912903721940, 1.27011279941443e-37, 
36.485337499792, 3.38658664420026, 829.401888823451, 22.3059722819933, 
21.8354302755793, 23.1957577116647, 1.96434166667577e-37, 33.5531663276503, 
2.66458285543744, 82635.3046654665, 17800.5998794183, 2616.38711133965, 
740.634711860746, 184.16651605331, 1.54026419916845e-45, 282.839414243206, 
69.0515567327582, 11323.3604496828, 1658.91208256865, 469.726761001674, 
116.750282199299, 3.47008989371594e-45, 179.343214252710, 43.7809691029075, 
3650.35928929182, 511.60610038706, 145.155050955103, 35.9660997717665, 
1.08032106913697e-44, 55.3226160058785, 13.4960349543603, 3938.31807611934, 
632.30313215469, 178.460465325272, 44.5769110820308, 1.06973972336013e-44, 
68.3557175683202, 16.7072365595173, 3232.89374113301, 526.648247373328, 
149.934716334349, 36.9079141085563, 8.9610599965507e-45, 57.1320378856369, 
13.939299305235, 1.27822779586957e-11, 3308.37169203874, 270.131751387288, 
177.493651347827, 72.4894242023901, 1.20028618270240e-41, 67.485647225806, 
20.3543980368881, 1893.33369507126, 159.672146299763, 107.680013466406, 
67.4227789994623, 1.26694518457931e-41, 71.0844349640166, 12.4797131620372, 
574.446186220898, 47.1347250009441, 30.9699407114805, 29.7089333089003, 
3.0137144205178e-41, 31.2970107393605, 3.64160042508773, 723.549236806267, 
117.006917574791, 121.879702746492, 93.4180315291554, 1.02300449710560e-38, 
